[[  4.73981311   4.38771414   7.99562708   4.45790232   4.73550826
    4.21635551   2.79553768   5.21996851   5.27506509   2.01666173
    2.2555926    4.19932359   4.705808     4.35881568   2.82818717
    2.76543681   3.00208648   8.37184559   2.98489482   4.44139079
    2.95755823   4.46399765   3.51001155   3.46699996   6.77628125
    6.11473738   5.26299351   5.37860314   3.51354532   4.51391742
    6.08300452   5.00355809   3.80393979   4.12643217   5.09383566
   11.25843037   3.75077135   4.14450071   4.22251556   4.66046812
    6.77563001   4.51168384   2.60528527   4.68623043   4.73278466
    3.85108677   3.49707393   6.68773292   4.13590803   3.79189153
    4.30588254   4.80434159   3.61603726   4.48893937   4.68992774
    3.3329078    5.27831606   3.20303482   3.96298134   3.93416828
    4.39066652   2.90606452   3.16802277   5.03125791   4.25367144
    4.03427896   2.16727499   3.69904491   5.03836881   4.02250319
    5.23571405   3.89095144   4.50072075   4.19300704   4.89767578
    5.27836925   1.49274341]
 [  4.65187443   4.2326133    4.77196859   4.15823252   4.34024454
    4.47625926   4.22458192   4.55645556   4.3579685    2.87409856
    3.88389798   4.22794168   4.22774776   4.1316607    4.02445225
    3.98497488   4.1426275    4.96799142   4.02576226   4.2890177
    3.95427931   4.69270743   4.03868259   4.14971822   4.53666208
    4.57631839   4.35236805   4.40189753   4.22271206   4.37209028
    4.42748107   4.38880643   4.17973309   4.2395101    4.43606644
    5.16724094   4.26726656   4.16810322   4.21342228   4.93921698
    5.03736315   4.33986592   3.93731276   4.24291193   4.25376038
    4.15931959   4.07720549   4.78568191   4.34487347   4.06922483
    4.28916444   4.25023986   4.15332433   4.19764268   4.50136809
    4.07613761   4.30608964   4.08842016   4.10029788   4.11481534
    4.42522785   3.89839934   3.9963968    4.23490809   4.22162846
    3.76206566   3.18873023   4.84798423   4.19749946   4.12678256
    4.55639279   3.73362322   4.40534078   4.26578859   4.29505808
    4.40743678   3.70257784]
 [  5.04187123   4.17450055   5.28503396   4.02039862   4.39673736
    4.67918748   4.16054299   4.84352865   4.43252527   1.36605695
    3.45615895   4.16514509   4.16389456   3.96555534   3.74617669
    3.66455521   3.99053341   5.69021278   3.74862599   4.29117983
    3.60068669   5.12686672   3.77449354   4.00443335   4.79994285
    4.88314899   4.42095136   4.52329427   4.1554683    4.4630364
    4.57507684   4.4968216    4.06600574   4.18921642   4.59450867
    6.09786316   4.24730804   4.04135849   4.13504792   5.63686527
    5.83650314   4.39632876   3.56615282   4.19532049   4.21770108
    4.02366636   3.85426593   5.31561605   4.40732542   3.83725002
    4.29171077   4.21029287   4.01164892   4.10193413   4.73037427
    3.8523304    4.3251194    3.87797565   3.90129111   3.93139369
    4.57324924   3.48508942   3.68752614   4.17817242   4.15198426
    3.20095796   2.01715985   5.44960554   4.10071656   3.95602034
    4.8433723    3.14231625   4.53189422   4.24350694   4.30291979
    4.53492974   3.08206601]
 [ -0.22728148   4.30958246   3.99553128   5.34665789   3.59544953
    1.01496992   1.6213892    1.78597147   4.32203037  16.85695428
    4.86365371   4.0372475    4.92616916   5.49981521   4.13834665
    4.5137292    2.99023507   2.24472407   4.39654252   3.71026613
    5.22729547  -1.21194368   5.15688961   3.71685593   4.75338729
    3.10801799   4.36973615   3.96332589   2.90115516   2.81616381
    4.88184413   3.46775967   3.93771246   3.7674717    3.04490311
    4.84834245   2.76876725   4.67676571   4.25630118  -3.89791355
   -1.40190664   3.20832624   4.81922246   4.70551708   4.65366534
    4.27114125   4.66075611   1.53767318   2.48902912   5.27488864
    3.47127225   4.82218793   3.93340436   4.91659116   1.53528497
    4.38652906   4.96536764   4.00823673   5.19243905   4.96357014
    1.94731063   5.82398699   5.07801843   5.40782067   4.20997285
    9.47447389  13.25342301  -4.45941725   5.88005966   4.97109942
    1.81430364   9.57318497   2.38438034   3.56101197   4.43469377
    3.71979556   5.75699998]
 [  0.78702023   4.12829977   3.19470379   4.86254899   3.54506065
    1.78559869   2.5014401    2.14500499   3.96337409  13.64294357
    4.94578646   3.96879544   4.51068097   4.99243489   4.31043123
    4.59347888   3.44825918   1.8581786    4.4659468    3.68551511
    5.07049612   0.13087381   4.9114446    3.88123016   3.98028633
    2.92319136   4.00014834   3.68436212   3.28377288   3.02641781
    4.20880662   3.40042993   3.97449214   3.78850131   3.0777462
    3.17035808   3.14179451   4.4408009    4.1222457   -1.84492298
   -0.45917553   3.30970804   4.84520671   4.35536949   4.30884698
    4.20574228   4.55613708   1.67826257   2.86455011   4.94130988
    3.53969457   4.41637239   4.00821019   4.54627484   2.06807185
    4.39052053   4.42675273   4.14312467   4.84831164   4.68888365
    2.42390047   5.51095978   4.92158098   4.79429669   4.0827248
    7.92281456  11.01433029  -2.06149451   5.13351189   4.67700228
    2.16235412   8.02210074   2.7175744    3.62654201   4.11859523
    3.52835649   5.73962854]
 [  2.38862213   4.13287753   4.18395821   4.53881889   3.87233845
    2.84574568   3.01302328   3.1931568    4.18025584   8.88987962
    4.24572924   4.01812862   4.38747837   4.59352114   3.99163117
    4.13433991   3.55429073   3.52236173   4.09937239   3.90280622
    4.42054661   1.99316743   4.41970493   3.8586447    4.41968118
    3.74925592   4.19819566   4.04597692   3.5442345    3.55920754
    4.4363052    3.83562361   3.96053307   3.90991103   3.67580608
    4.67144897   3.50421804   4.2637507    4.10427374   0.95993737
    2.0302638    3.7113316    4.24524863   4.30088609   4.28299023
    4.09222534   4.22649355   3.16714699   3.41409452   4.47902568
    3.80353536   4.35183897   3.94985128   4.37336204   3.07043021
    4.11217166   4.43014491   3.95909758   4.4552234    4.36499866
    3.21602313   4.64970367   4.3726909    4.59005225   4.08778367
    6.12085904   7.49826823   0.69587284   4.77370878   4.37215684
    3.20490985   6.1523049    3.39096339   3.83295878   4.2058951
    3.9466364    4.55593521]
 [  4.57296183   3.9228441    1.15371248   3.65591113   3.79557938
    4.73031003   5.72221401   3.78470721   3.2234699    3.22211552
    5.48402263   4.12640844   3.54711371   3.70244213   5.18250559
    5.15511415   5.28043628   1.2158589    5.00670945   4.00309781
    4.85850191   4.99066777   4.43904321   4.76693564   1.95647185
    2.81203246   3.22320612   3.21542464   4.89698435   4.12875648
    2.47466193   3.61116099   4.45723042   4.23874928   3.62663166
   -1.58272897   4.73773125   4.03884394   4.06345591   5.38496901
    3.21415409   4.05041438   5.21848565   3.60755433   3.58158587
    4.35210592   4.55053445   2.68279292   4.49241988   4.19358403
    4.15832433   3.49097318   4.60566913   3.71937568   4.25214607
    4.73546195   3.08952031   4.91471374   4.07606784   4.14543926
    4.40300122   4.77707004   4.72371393   3.19316612   4.04845157
    3.14550595   3.83983295   6.25465211   3.09113084   4.07453255
    3.7665557    3.23789929   4.22730816   4.2286362    3.49682102
    3.34387693   5.90062488]
 [  4.62316018   4.42264128   3.75380612   4.34809939   4.39850338
    4.64961435   4.88453187   4.41293561   4.25285404   4.13427638
    4.79615996   4.47459555   4.3256716    4.3579431    4.72985346
    4.71966703   4.76444246   3.78539935   4.68476919   4.44776471
    4.64097673   4.73378549   4.53987925   4.63301138   3.94140812
    4.16449083   4.25234001   4.2542861    4.67225647   4.48668437
    4.06591044   4.35496762   4.5557927    4.50439465   4.36270989
    3.08189399   4.63487019   4.44731926   4.45725666   4.85478218
    4.30459116   4.4639789    4.73215921   4.34241617   4.33660531
    4.52714383   4.5716076    4.14795097   4.57799601   4.47921713
    4.48767759   4.31303269   4.59184492   4.36755311   4.52870223
    4.61905838   4.21428859   4.66611393   4.45148522   4.47047394
    4.56141317   4.61559224   4.60968507   4.23525939   4.45405362
    4.18533387   4.31813023   5.07106631   4.2060505    4.45320078
    4.40826474   4.20681751   4.5146665    4.50388885   4.31810684
    4.28774629   4.88880119]
 [  4.49900096   4.26057971   4.27066648   4.2058095    4.29758525
    4.43448291   4.40507443   4.39206087   4.25833479   3.60369243
    4.23520326   4.27526666   4.22752153   4.19791693   4.27239502
    4.25272812   4.33257873   4.36224451   4.2585098    4.29206215
    4.21478557   4.55137769   4.21750602   4.29345982   4.23291786
    4.32079863   4.25584274   4.27704986   4.33635654   4.33904339
    4.22739083   4.30383334   4.2812193    4.28961194   4.3259524
    4.21988815   4.34290737   4.241668     4.26368298   4.69255223
    4.55724746   4.31838397   4.23691817   4.23918296   4.24183171
    4.26356618   4.24367094   4.40251554   4.35695736   4.21078376
    4.30489763   4.23282395   4.28178278   4.22841456   4.40621895
    4.25841421   4.2244309    4.27857938   4.21482173   4.22693265
    4.38504482   4.18343753   4.22227423   4.20156004   4.26606827
    3.98906946   3.7932963    4.72386008   4.17666457   4.22637774
    4.39053982   3.98412494   4.36181812   4.30037129   4.25307425
    4.29006121   4.18949805]
 [  3.61598962   4.27178199   5.89992979   4.49205467   4.30509573
    3.59611879   3.04222031   4.20420483   4.68843278   5.43293634
    3.37623465   4.13456624   4.53180799   4.47346989   3.5125119
    3.55107286   3.38615575   5.75909627   3.63237525   4.18849825
    3.76980174   3.30916314   4.0150733    3.73464096   5.46749886
    4.86108389   4.69142004   4.67193527   3.60890643   4.06072288
    5.16695671   4.40719203   3.93192362   4.05175221   4.37290362
    7.57786707   3.69575839   4.22458282   4.18500008   2.91531651
    4.35437114   4.13057933   3.53151127   4.48277313   4.49514
    4.01422268   3.9193347    4.84477292   3.82504622   4.16804681
    4.08200675   4.5590251    3.8433927    4.42879691   3.91134942
    3.79308988   4.80626079   3.66404615   4.23304101   4.17820756
    3.84608258   3.85363038   3.84110245   4.77087423   4.19117438
    5.04049224   4.85178689   2.36480884   4.85957178   4.22082193
    4.21668034   4.99140319   3.97649723   4.04551711   4.53255738
    4.58109704   3.18148693]]
